0 1500853593 13550 2623.80334629 640 25762
15 1500853608 12778 3539.16784004 654 21774
30 1500853623 10879 6824.88322244 651 270642
45 1500853638 11362 5544.39221196 586 70267
60 1500853653 8498 9589.40754166 624 165811
75 1500853668 9162 7745.79711844 652 113476
90 1500853683 8093 9261.76041582 610 126363
105 1500853698 7527 10730.3268357 684 192318
120 1500853713 7445 9256.2746286 671 106131
135 1500853728 7166 10396.8138389 668 101909
150 1500853743 7299 10669.8055746 658 161871
165 1500853758 7443 10080.4551981 650 119587
180 1500853773 7500 10215.1120405 692 112131
195 1500853788 8139 9750.02076921 723 147117
210 1500853803 7834 9555.72106123 569 128413
225 1500853818 9143 8959.56087094 645 148354
240 1500853833 8876 9423.71200748 640 98619
255 1500853848 7994 9916.33576479 712 156298
270 1500853863 8435 8764.98168851 687 122137
285 1500853878 8861 8568.25157194 659 145284
300 1500853893 11073 7536.73921534 571 104215
315 1500853908 17357 3691.27484753 633 62125
330 1500853923 14052 5251.37467717 601 107461
345 1500853938 11228 7425.39823848 639 147281
360 1500853953 15154 5118.60703708 616 118130
375 1500853968 12208 7384.87115663 691 129797
390 1500853983 14353 6119.22911812 640 121756
405 1500853998 11467 8762.98219786 582 157315
420 1500854013 15297 5291.76312773 571 72736
435 1500854028 12475 7631.33939751 637 222522
450 1500854043 13795 6524.40533689 647 160814
465 1500854058 16048 5118.38177552 556 107798
480 1500854073 15343 5988.20766173 657 101219
495 1500854088 13682 5542.89058164 599 103308
510 1500854103 12720 7533.20562576 579 113203
525 1500854118 10901 8976.18042377 633 147075
540 1500854133 11115 7866.35805186 623 158541
555 1500854148 13571 6439.23124294 602 144793
570 1500854163 13524 6281.18842258 648 120327
585 1500854178 13141 7410.657933 632 119550
600 1500854193 12322 6353.44520713 659 94416
615 1500854208 13490 6420.09003052 545 106945
630 1500854223 12820 7081.50344207 619 109956
645 1500854238 16314 5200.57054562 641 124771
660 1500854253 17940 4129.11382745 639 116042
675 1500854268 18022 4274.28801089 609 113241
690 1500854283 17041 4663.85956049 664 102818
705 1500854298 18491 4208.14377131 611 83038
720 1500854313 16651 5528.42889074 571 198245
735 1500854328 18145 4753.46557787 582 137203
750 1500854343 17670 4645.22851967 527 112472
765 1500854358 17721 4615.49953959 605 113798
780 1500854373 17207 4800.53569927 617 182589
795 1500854388 15600 6387.10239467 622 136869
810 1500854403 14601 6236.53381294 627 103974
825 1500854418 15457 6858.78648159 620 249056
840 1500854433 15449 5949.91243633 579 134401
855 1500854448 18887 4137.02393032 627 96783
870 1500854463 18354 3729.88632535 649 66489
885 1500854478 15795 5851.08263486 621 211241
900 1500854493 13409 6989.56600942 669 138409
915 1500854508 20956 3373.23005441 625 77505
930 1500854523 18858 4737.35253069 638 152510
945 1500854538 17116 4667.08142205 641 103449
960 1500854553 19432 3356.93759251 607 66017
975 1500854568 18228 3464.68714316 576 85177
990 1500854583 19981 3874.43311983 621 117824
1005 1500854598 19064 4380.47349039 655 174624
1020 1500854613 21273 3240.64654043 634 114550
1035 1500854628 22089 2716.67278118 629 98186
1050 1500854643 18688 4937.94653677 609 135748
1065 1500854658 19322 4790.54318423 596 143112
1080 1500854673 18746 4589.4372204 594 106281
1095 1500854688 17717 4138.47194022 617 131397
1110 1500854703 19029 4037.36101928 635 92287
1125 1500854718 18994 4745.66254595 624 166889
1140 1500854733 19625 3794.62422382 597 123303
1155 1500854748 18321 4367.38537342 612 140200
1170 1500854763 19275 4007.34238617 567 101164
1185 1500854778 20336 4184.75268086 603 119888
1200 1500854793 19948 3627.71746419 582 108263
1215 1500854808 18090 5689.00966777 603 196207
1230 1500854823 20811 3546.03426379 588 84368
1245 1500854838 17421 4365.38658082 637 109093
1260 1500854853 18758 5590.44157469 632 185618
1275 1500854868 18662 4339.20280697 653 78069
1290 1500854883 18635 5107.93079436 648 135672
1305 1500854898 18754 4284.62413754 609 125600
1320 1500854913 15876 4521.62150119 591 99067
1335 1500854928 19250 4207.95639236 593 90065
1350 1500854943 21360 3167.58456872 602 65077
1365 1500854958 21063 3217.07211607 606 67220
1380 1500854973 19062 4092.99572441 593 102447
1395 1500854988 19099 4478.95233286 591 115658
1410 1500855003 18543 4319.41188126 586 94407
1425 1500855018 20023 3657.1328934 622 70961
1440 1500855033 19596 4024.74545779 615 114208
1455 1500855048 17521 4688.8092305 622 98433
1470 1500855063 18107 4387.66236167 659 75391
1485 1500855078 16237 5535.12086589 612 103771
1500 1500855093 21133 3101.72951754 588 67198
1515 1500855108 17769 4745.47321139 559 103573
1530 1500855123 15776 6295.91208643 593 120589
1545 1500855138 17308 5222.99004403 647 101755
1560 1500855153 19065 4244.38004896 594 93780
1575 1500855168 17083 4847.0520938 622 82133
1590 1500855183 21283 3662.19497023 621 100589
1605 1500855198 17597 5496.88648236 648 97010
1620 1500855213 17632 5061.76372424 617 106346
1635 1500855228 19003 4390.42776959 645 92974
1650 1500855243 17870 5104.59831916 632 94408
1665 1500855258 17845 5141.63067518 597 107618
1680 1500855273 17846 5181.30881149 637 100642
1695 1500855288 19185 4574.66534295 646 95784
1710 1500855303 16994 5019.41540421 655 116809
1725 1500855318 16984 6122.03683426 628 115497
1740 1500855333 9510 8319.48880641 662 155039
1755 1500855348 5335 13442.0591801 805 213717
1770 1500855363 4724 20025.0178527 678 324698
1785 1500855378 5206 18461.4938453 652 384527
1800 1500855393 5736 14654.8724662 716 288760
1815 1500855408 5252 19275.8504093 617 407367
1830 1500855423 4944 17498.3714957 669 340413
1845 1500855438 5839 15016.4889039 646 299546
1860 1500855453 6133 14540.2164702 693 336829
1875 1500855468 6188 17991.3862723 761 495833
1890 1500855483 5710 16790.7020699 667 397267
1905 1500855498 6013 17046.1454587 701 371324
1920 1500855513 5882 17296.6523929 677 342152
1935 1500855528 7466 14004.0471293 678 333891
1950 1500855543 7108 13791.9411614 619 327168
1965 1500855558 6558 15025.178335 680 277763
1980 1500855573 7720 13456.2530446 665 282749
1995 1500855588 8257 13873.1710506 646 393164
2010 1500855603 7686 14403.3649888 695 409454
2025 1500855618 8651 11990.3817287 605 302572
2040 1500855633 9391 13109.0646119 735 313883
2055 1500855648 10277 8959.0456523 599 119545
2070 1500855663 10015 9684.20161913 649 172440
2085 1500855678 12094 7004.74788982 670 123949
2100 1500855693 10985 9154.59906277 607 312036
2115 1500855708 11205 7228.24466935 623 123126
2130 1500855723 13825 5685.56954051 664 83888
2145 1500855738 12168 6313.93253052 597 93129
2160 1500855753 13169 5729.18886056 626 66919
2175 1500855768 13095 5930.28801999 659 101408
2190 1500855783 13673 5603.97367945 617 67898
2205 1500855798 13750 5247.34456654 620 81678
2220 1500855813 14731 4954.19226514 588 71726
2235 1500855828 15042 5165.30686407 605 98848
2250 1500855843 11595 7284.6006754 731 75873
2265 1500855858 13583 5780.06807918 573 101989
2280 1500855873 14373 5047.10471459 573 78349
2295 1500855888 12301 6295.93662611 631 85404
2310 1500855903 13385 5696.58125545 628 80587
2325 1500855918 20422 2904.69619754 583 38934
2340 1500855933 17706 4208.58515418 582 146788
2355 1500855948 13140 5686.64883741 604 120742
2370 1500855963 14682 4798.44995806 558 72145
2385 1500855978 14672 5572.55049327 616 225648
2400 1500855993 16804 4145.11121684 624 126155
2415 1500856008 18354 3938.82660192 595 88242
2430 1500856023 18829 3925.2049628 621 112981
2445 1500856038 18305 3990.02255633 604 106458
2460 1500856053 16810 4740.01181433 654 110245
2475 1500856068 18109 4498.49908303 620 132561
2490 1500856083 20100 3158.90962201 678 57986
2505 1500856098 20112 3252.36806035 655 72589
2520 1500856113 19163 3923.52685731 628 91641
2535 1500856128 21677 3363.3645357 644 141856
2550 1500856143 19104 3993.20322548 641 126386
2565 1500856158 22011 2746.90917214 643 78792
2580 1500856173 19725 3577.16493889 631 77268
2595 1500856188 18185 3840.31274768 580 105951
2610 1500856203 18598 4403.49361303 616 137080
2625 1500856218 19649 3810.14343562 597 134453
2640 1500856233 15761 5535.3826426 632 131660
2655 1500856248 16859 4855.94820813 641 124677
2670 1500856263 20791 3902.92825965 578 114959
2685 1500856278 17043 5073.08525456 625 110849
2700 1500856293 19159 4484.70801725 618 124243
2715 1500856308 18780 4157.6061622 628 146048
2730 1500856323 19812 3857.16346555 648 165668
2745 1500856338 16963 4786.36574031 638 158220
2760 1500856353 21378 3664.45821371 557 97133
2775 1500856368 18129 5068.65731728 641 146707
2790 1500856383 18632 4716.5507524 615 138313
2805 1500856398 17859 4621.11328578 667 127958
2820 1500856413 17000 4972.70178072 621 121535
2835 1500856428 19226 3812.77589166 641 137798
2850 1500856443 16711 4643.80921227 662 99467
2865 1500856458 16925 5212.85065967 602 170890
2880 1500856473 19384 4079.17025877 633 161361
2895 1500856488 20760 3457.45455502 642 83853
2910 1500856503 19391 4125.04921183 641 131619
2925 1500856518 17872 5105.9083423 649 179892
2940 1500856533 18136 4067.54151792 600 127682
2955 1500856548 18659 4373.48808161 628 98348
2970 1500856563 19068 4174.08780454 601 100121
2985 1500856578 19332 4547.68083753 626 125452
3000 1500856593 16216 6881.72863458 635 193204
3015 1500856608 17792 6162.86645969 640 169309
3030 1500856623 17562 4161.18072186 673 136882
3045 1500856638 18086 5844.64909126 617 203135
3060 1500856653 16626 6797.36500418 614 200748
3075 1500856668 16493 6327.4397666 668 175337
3090 1500856683 17508 6219.53880927 687 200352
3105 1500856698 13327 9711.64919053 665 206144
3120 1500856713 15600 6995.29627678 656 195835
3135 1500856728 15848 8378.23447989 641 304894
3150 1500856743 15748 8568.74658279 612 356686
3165 1500856758 17534 6089.29117386 647 193065
3180 1500856773 16365 6145.98047507 590 160585
3195 1500856788 14986 7838.30504637 597 164034
3210 1500856803 19931 4875.62529323 659 143400
3225 1500856818 16631 6719.49767468 674 184570
3240 1500856833 14785 7317.9557938 636 166597
3255 1500856848 15300 7064.84125795 610 168475
3270 1500856863 19030 5469.11720481 603 156502
3285 1500856878 19836 4670.58326122 675 147793
3300 1500856893 15370 7284.6465254 628 171572
3315 1500856908 16104 6464.29539857 652 195079
3330 1500856923 17217 5058.51658098 666 157527
3345 1500856938 21650 3441.30672856 649 88489
3360 1500856953 21079 2690.24589954 600 121197
3375 1500856968 21148 2987.34397082 598 92232
3390 1500856983 20558 4232.16469434 580 128105
3405 1500856998 18260 4633.32968825 620 183860
3420 1500857013 15881 5386.87033443 607 114674
3435 1500857028 20011 4067.78821966 650 131618
3450 1500857043 20748 3823.21304664 601 106062
3465 1500857058 21098 3867.50488041 643 124977
3480 1500857073 18393 5041.72926683 590 136572
3495 1500857088 17850 5020.96285587 603 147936
3510 1500857103 19156 4778.37932776 603 157557
3525 1500857118 20437 4417.49963214 638 137330
3540 1500857133 12090 7329.74140062 625 139435
3555 1500857148 11051 9590.31928561 599 211106
3570 1500857163 12260 9829.3474351 623 238933
3585 1500857178 13524 7936.11315444 678 183765
3600 1500857193 14091 7903.44772868 643 192834
3615 1500857208 14683 8189.63485144 627 192981
3630 1500857223 14365 7371.25504918 609 195297
3645 1500857238 14243 7352.88079599 632 144780
3660 1500857253 14351 7348.07342097 672 125369
3675 1500857268 17119 4837.77696882 660 92912
3690 1500857283 18497 4019.85310677 734 131142
3705 1500857298 15927 4632.00874352 823 128640
3720 1500857313 12227 7723.99410927 624 105277
3735 1500857328 12084 5922.80035119 655 98751
3750 1500857343 15353 5783.79330544 602 133626
3765 1500857358 11094 5617.83846332 661 105935
3780 1500857373 12404 5145.73376692 617 88492
3795 1500857388 12299 4672.30992123 649 127353
3810 1500857403 11872 5737.68446327 639 117297
3825 1500857418 13012 4634.22636478 619 102082
3840 1500857433 10257 7657.78146724 650 143813
3855 1500857448 12178 7095.59257568 646 144310
3870 1500857463 10670 7589.17044215 635 119166
3885 1500857478 12412 6750.00533333 652 101038
3900 1500857493 13631 5962.95480446 623 88256
3915 1500857508 12581 7136.58468737 576 126787
3930 1500857523 11671 7779.36404856 629 137767
3945 1500857538 10090 9456.56554992 589 183185
3960 1500857553 11069 7801.14145494 602 121910
3975 1500857568 12816 6988.68864666 632 110261
3990 1500857583 12023 8568.23237313 602 175861
4005 1500857598 16025 5126.93651219 600 92796
4020 1500857613 14511 6024.92074637 655 139909
4035 1500857628 14319 6057.22329124 546 155743
4050 1500857643 15904 5809.71057799 582 111078
4065 1500857658 16786 6110.05499157 634 187033
4080 1500857673 15988 4761.62650782 605 80067
4095 1500857688 17631 4887.10098115 594 124240
4110 1500857703 19514 3819.09596633 676 114764
4125 1500857718 15740 5407.20704246 635 107711
4140 1500857733 19237 3762.10313522 615 70969
4155 1500857748 21622 3717.46257547 670 153412
4170 1500857763 20950 3157.504711 694 85411
4185 1500857778 17805 3586.42844624 772 47707
4200 1500857793 12666 6489.49397103 655 119686
4215 1500857808 14143 6957.07251651 665 177180
4230 1500857823 15663 5398.99777737 598 91106
4245 1500857838 15310 5811.30570526 637 135984
4260 1500857853 12966 6767.35568742 624 107200
4275 1500857868 14535 6802.97287956 626 246162
4290 1500857883 14422 6230.40391949 631 113927
4305 1500857898 15061 5757.09466658 598 158290
4320 1500857913 18178 5051.43929984 626 128344
4335 1500857928 19066 4056.87059197 620 98359
4350 1500857943 19043 3645.60337941 614 96647
4365 1500857958 17998 4705.83255121 627 130567
4380 1500857973 15245 5992.36339018 642 136230
4395 1500857988 18920 4025.22583217 611 134169
4410 1500858003 20063 3921.69810159 607 93708
4425 1500858018 17319 4688.54028457 633 117416
4440 1500858033 14372 7475.78410603 639 218610
4455 1500858048 17270 4667.63430444 589 128270
4470 1500858063 17260 5393.9614385 635 159157
4485 1500858078 18218 4272.28135778 636 136005
4500 1500858093 15891 5178.10245167 599 144771
4515 1500858108 18098 5997.97482489 627 247165
4530 1500858123 19464 3778.54747224 619 69141
4545 1500858138 13464 8880.33434055 632 360704
4560 1500858153 16496 4617.26856486 617 89985
4575 1500858168 18606 4157.00433004 653 130001
4590 1500858183 19621 3933.43310608 631 108353
4605 1500858198 14209 6490.03189515 630 145070
4620 1500858213 17399 5248.09127207 624 152800
4635 1500858228 18773 4733.0758498 588 173934
4650 1500858243 22104 2625.85471799 705 53730
4665 1500858258 19123 2791.06252169 805 44111
4680 1500858273 14454 6459.90146984 646 158859
4695 1500858288 17342 5251.60832508 605 104338
4710 1500858303 15703 6457.34504266 626 194207
4725 1500858318 20104 4695.97189089 595 191666
4740 1500858333 17360 6719.90416598 582 276782
4755 1500858348 18415 4463.64257082 630 79145
4770 1500858363 18719 4184.07158161 634 150169
4785 1500858378 17414 5344.77866707 636 164164
4800 1500858393 16219 6444.93700512 620 198118
4815 1500858408 16519 4921.89607773 619 113373
4830 1500858423 19191 4126.57400273 580 184202
4845 1500858438 21921 3932.03191747 612 206694
4860 1500858453 19134 4780.90503984 634 145058
4875 1500858468 17199 5818.34684425 619 166695
4890 1500858483 15640 5837.59513841 640 122818
4905 1500858498 17446 6025.45873772 627 255589
4920 1500858513 19458 4233.78353249 626 72190
4935 1500858528 18940 4956.06133941 565 138383
4950 1500858543 20760 3507.65263388 640 71995
4965 1500858558 18430 4755.64222792 643 117833
4980 1500858573 16776 6011.41314501 620 151608
4995 1500858588 15654 6339.62420022 618 129158
5010 1500858603 15941 6108.3027921 632 134017
5025 1500858618 18694 5107.0519872 618 115665
5040 1500858633 17357 6664.05244577 612 178852
5055 1500858648 17522 5754.15554187 671 176568
5070 1500858663 18391 5299.64979975 613 121180
5085 1500858678 16292 6238.09730607 661 156428
5100 1500858693 21094 3806.23225776 658 104075
5115 1500858708 19950 4625.72902362 600 154707
5130 1500858723 21516 3106.60248503 728 76237
5145 1500858738 14789 6472.24636428 709 177556
5160 1500858753 18409 4639.45815802 607 151472
5175 1500858768 21564 2894.54227815 645 107117
5190 1500858783 22087 3032.11526826 614 103400
5205 1500858798 19935 4201.62492376 588 150174
5220 1500858813 19752 3149.64029692 601 84166
5235 1500858828 16511 6206.71950389 627 222058
5250 1500858843 18041 5678.80867788 605 219247
5265 1500858858 20783 4399.43860055 606 181617
5280 1500858873 20585 3693.38056528 592 121668
5295 1500858888 17436 5351.05410176 598 149362
5310 1500858903 17929 4747.46806203 629 71232
5325 1500858918 22383 2763.52166628 573 54475
5340 1500858933 18780 3490.01848133 596 61315
5355 1500858948 18939 4457.24432806 632 76098
5370 1500858963 20923 3509.11570057 575 64689
5385 1500858978 21444 2983.44398305 570 58138
5400 1500858993 17165 5365.28172606 641 82668
5415 1500859008 14570 6450.25906456 611 91320
5430 1500859023 15389 4969.0717443 642 61790
5445 1500859038 14815 6450.85327689 673 98594
5460 1500859053 18245 4920.81690373 650 85227
5475 1500859068 15721 5936.95258529 658 77050
5490 1500859083 16108 5575.68363521 630 75416
5505 1500859098 15382 6290.95040515 601 84873
5520 1500859113 22896 2555.21662487 658 57276
5535 1500859128 20908 3597.45521167 640 63653
5550 1500859143 17189 4810.69807824 608 96669
5565 1500859158 17075 6263.08645957 634 176244
5580 1500859173 20596 4101.62528761 627 136361
5595 1500859188 16195 5561.63222445 628 159578
5610 1500859203 10292 5127.62089082 777 86174
5625 1500859218 14036 4347.70054167 801 91150
5640 1500859233 13636 7701.41188354 665 199578
5655 1500859248 9703 10413.3389938 603 245903
5670 1500859263 10928 10137.9382026 601 215596
5685 1500859278 10074 11798.2355037 631 264485
5700 1500859293 13523 8296.42808683 636 211200
5715 1500859308 12594 8371.68376135 648 210879
5730 1500859323 12826 7681.80649327 643 194487
5745 1500859338 11679 7890.8121255 655 162629
5760 1500859353 12338 8078.26522219 601 271127
5775 1500859368 14216 6273.65411861 669 217301
5790 1500859383 13497 5408.56089917 648 166795
5805 1500859398 12278 8059.23656434 625 246369
5820 1500859413 10376 6212.96957984 627 124528
5835 1500859428 11928 4965.61869257 639 97444
5850 1500859443 12557 6512.70289511 630 159932
5865 1500859458 12391 5921.20063838 662 131534
5880 1500859473 12122 6289.90087362 650 208856
5895 1500859488 11938 5774.72544802 638 135617
5910 1500859503 13910 5725.11467134 608 190401
5925 1500859518 12564 4105.50167458 715 108014
5940 1500859533 13404 3807.82602019 619 87279
5955 1500859548 14579 3832.64295232 586 72255
5970 1500859563 13970 5016.3447848 615 122241
5985 1500859578 13712 4669.62246868 577 126643
6000 1500859593 19569 2905.70266889 653 61323
6015 1500859608 22868 1840.59474084 623 70273
6030 1500859623 19535 3388.81365672 584 78963
6045 1500859638 23378 2080.79528066 623 65286
6060 1500859653 21595 2467.1805771 601 73896
6075 1500859668 15475 5435.76793103 645 190000
6090 1500859683 17186 3744.30046871 569 118824
6105 1500859698 20895 3162.94309149 612 107151
6120 1500859713 22350 2817.8585841 628 93440
6135 1500859728 21305 3303.39613126 625 70923
6150 1500859743 20719 3420.92487494 594 114800
6165 1500859758 16157 4362.73274451 606 96720
6180 1500859773 16409 6095.67814111 548 230137
6195 1500859788 17160 5183.82657889 588 222472
6210 1500859803 14532 5816.21311508 611 141614
6225 1500859818 15035 5836.68159145 668 126290
6240 1500859833 13364 8723.60005961 614 214031
6255 1500859848 13821 6883.72682491 645 203362
6270 1500859863 19035 3981.79256115 698 114483
6285 1500859878 18489 3776.22907144 816 112244
6300 1500859893 16111 5564.3322151 782 255742
6315 1500859908 13620 7985.88342014 622 203002
6330 1500859923 17695 4282.12926008 574 115650
6345 1500859938 20500 3689.75188868 639 91091
6360 1500859953 19132 4709.66633638 635 151116
6375 1500859968 14790 6485.81459803 652 245497
6390 1500859983 12669 6935.85452558 645 129945
6405 1500859998 14604 6728.45881313 555 199683
6420 1500860013 16229 5654.57770307 608 141792
6435 1500860028 18408 4413.1971404 619 166373
6450 1500860043 16849 4877.73369507 612 167864
6465 1500860058 17899 4376.36675794 650 177621
6480 1500860073 15346 5097.19511104 611 159116
6495 1500860088 17599 4001.50171811 618 149227
6510 1500860103 18945 3763.93358071 630 195784
6525 1500860118 19640 3551.9715652 617 64471
6540 1500860133 19681 3739.41733429 604 89579
6555 1500860148 18716 3831.10675915 583 143319
6570 1500860163 19841 2332.63306159 643 55925
6585 1500860178 20075 3566.46505661 629 145002
6600 1500860193 18721 5035.21201143 615 162003
6615 1500860208 18323 4419.36318942 630 178837
6630 1500860223 19630 3332.94929454 634 86385
6645 1500860238 21242 2881.83205618 620 74539
6660 1500860253 18755 4207.56354676 608 103211
6675 1500860268 19318 4083.75672635 632 131173
6690 1500860283 20871 2819.86435844 649 65226
6705 1500860298 19569 3761.77644206 657 129603
6720 1500860313 18048 4193.13844274 586 123304
6735 1500860328 20579 3748.29601286 632 127314
6750 1500860343 19565 3666.28763192 640 62952
6765 1500860358 19218 4651.3419569 657 163278
6780 1500860373 16762 4566.72169067 633 82733
6795 1500860388 13794 6786.02608306 624 101489
6810 1500860403 18781 4417.81846617 634 89723
6825 1500860418 15789 6413.61169701 684 122399
6840 1500860433 16667 5598.04644497 703 118980
6855 1500860448 17568 5064.76771432 598 98951
6870 1500860463 22026 2916.24947492 655 48545
6885 1500860478 20902 2715.02007359 851 58067
6900 1500860493 12057 7993.5652246 761 138131
6915 1500860508 16935 5640.47958954 666 101599
6930 1500860523 17529 5097.9008425 608 131758
6945 1500860538 15856 6356.92866092 624 168984
6960 1500860553 15172 6512.5242418 662 139693
6975 1500860568 17343 5177.31967334 639 129711
6990 1500860583 14138 7275.12632193 642 128173
7005 1500860598 14759 6908.92205775 633 148568
7020 1500860613 14918 7262.26059846 637 174470
7035 1500860628 15752 6145.42455816 598 173516
7050 1500860643 19464 4101.11643336 667 74607
7065 1500860658 16749 5153.70342569 591 72949
7080 1500860673 15859 5183.50537764 650 86108
7095 1500860688 21922 3231.04425844 573 76541
7110 1500860703 18746 4771.99916178 647 107050
7125 1500860718 16612 6426.38817688 640 164800
7140 1500860733 13672 9148.67728144 625 228845
7155 1500860748 13296 8528.2003377 631 194172
7170 1500860763 14894 7249.31327782 597 197026
7185 1500860778 14244 7166.82733153 632 142286
7200 1500860793 13839 9518.02164318 683 286179
7215 1500860808 19644 3759.32786546 635 153698
7230 1500860823 18138 4414.83374545 602 93554
7245 1500860838 20384 4858.47959757 611 200731
7260 1500860853 20793 3747.73971882 605 115251
7275 1500860868 17200 4593.37196404 573 133629
7290 1500860883 18639 4016.47320419 549 103292
7305 1500860898 17466 5675.83368326 657 163912
7320 1500860913 20101 3521.01533652 592 82437
7335 1500860928 20156 3408.01291077 623 71562
7350 1500860943 19372 4315.20891731 659 116068
7365 1500860958 17447 5335.74680809 634 151368
7380 1500860973 18113 4897.203794 586 126279
7395 1500860988 16974 5009.87804243 635 116556
7410 1500861003 18595 4389.72379541 619 133787
7425 1500861018 16214 6798.83776832 613 208240
7440 1500861033 18762 4436.70564721 650 95676
7455 1500861048 17964 4639.29013967 626 127986
7470 1500861063 16059 6361.66652694 611 237747
7485 1500861078 16675 6346.70158429 645 211332
7500 1500861093 17370 5681.3169248 633 145284
7515 1500861108 17852 5645.93694616 602 151625
7530 1500861123 15725 5999.43897377 632 149711
7545 1500861138 16363 5897.57441666 644 163743
7560 1500861153 19622 4521.84873697 590 157999
7575 1500861168 21747 3360.66555908 696 97010
7590 1500861183 22960 1942.3537268 678 60678
7605 1500861198 18199 2885.61449262 786 66202
7620 1500861213 3961 18947.9922947 988 235867
7635 1500861228 13038 11088.9363331 663 385634
7650 1500861243 14177 6943.37057919 646 213951
7665 1500861258 12818 7741.52258926 645 162522
7680 1500861273 11144 9226.70179425 611 197623
7695 1500861288 12335 9077.5144175 588 269948
7710 1500861303 13356 7528.95597012 634 145321
7725 1500861318 11527 8236.97371612 693 202593
7740 1500861333 11894 8611.56240179 617 251501
7755 1500861348 12994 6972.29158885 615 135305
7770 1500861363 11780 8590.92195285 656 214868
7785 1500861378 11120 8502.42671242 647 280923
7800 1500861393 11863 6099.18478159 642 103746
7815 1500861408 13374 7323.56013152 640 175876
7830 1500861423 13129 6476.97274967 653 223387
7845 1500861438 13741 6409.28826002 681 217036
7860 1500861453 10907 5764.14954698 652 120176
7875 1500861468 14189 5298.7356039 601 168894
7890 1500861483 12736 6578.80217061 649 184244
7905 1500861498 11478 6529.19558598 622 144383
7920 1500861513 10707 6876.48769358 665 153334
7935 1500861528 11667 4493.44711775 637 118299
7950 1500861543 11966 5976.62304316 583 253513
7965 1500861558 12220 3776.72516871 690 54442
7980 1500861573 11879 5656.34678923 629 163472
7995 1500861588 11377 5661.53371446 659 155859
8010 1500861603 15390 4175.58115716 590 101885
8025 1500861618 17251 4477.35714457 640 176496
8040 1500861633 19518 3308.05139017 633 79054
8055 1500861648 16358 4332.91172308 585 85118
8070 1500861663 20226 3744.7694188 654 117121
8085 1500861678 15053 5683.56507836 617 132107
8100 1500861693 16757 2841.17598892 604 55950
8115 1500861708 17545 4523.37550951 580 127390
8130 1500861723 18632 4240.31956343 609 182615
8145 1500861738 19249 3586.00864472 585 108796
8160 1500861753 18024 3314.55411783 678 63184
8175 1500861768 18362 4324.11632591 642 123699
8190 1500861783 15646 3990.66510747 637 113366
8205 1500861798 16830 4960.2496913 623 170862
8220 1500861813 18731 3599.18101795 634 73271
8235 1500861828 15405 4040.77801914 635 84802
8250 1500861843 15053 4678.15006172 654 121621
8265 1500861858 14575 5869.12284758 568 159257
8280 1500861873 14581 6135.96145685 594 228278
8295 1500861888 13904 5701.87118409 626 139984
8310 1500861903 15775 4462.14892176 613 112676
8325 1500861918 14508 6400.48959065 607 157919
8340 1500861933 14189 6821.14367243 645 243902
8355 1500861948 15089 5512.51893421 631 118059
8370 1500861963 18568 3178.47070145 644 73616
8385 1500861978 16739 4566.64986615 621 115646
8400 1500861993 15734 4875.97446671 665 99340
8415 1500862008 14667 4994.55633665 559 93089
8430 1500862023 13815 6610.65185893 588 137885
8445 1500862038 17820 4239.32140796 589 90833
8460 1500862053 13240 7295.44871821 591 108286
8475 1500862068 18544 4329.35734261 644 137157
8490 1500862083 20536 2811.80475851 638 55350
8505 1500862098 19001 3056.38266583 764 66832
8520 1500862113 15734 4583.15928154 890 79471
8535 1500862128 12432 6876.54331769 600 136334
8550 1500862143 12822 7716.1421708 589 196772
8565 1500862158 14698 5885.5159502 626 135453
8580 1500862173 17960 4948.54261374 599 130460
8595 1500862188 18458 4361.77647295 602 95620
8610 1500862203 17384 4282.17292972 619 111877
8625 1500862218 14478 5101.43999279 634 103703
8640 1500862233 13923 5438.2474199 612 115831
8655 1500862248 15473 5618.9567537 679 127032
8670 1500862263 17664 4639.25468152 607 159309
8685 1500862278 18125 4469.6372336 646 86342
8700 1500862293 20369 3664.73109518 594 103946
8715 1500862308 18150 3859.29009016 613 77562
8730 1500862323 17570 3323.34048812 618 63452
8745 1500862338 17177 5088.37380702 632 128209
8760 1500862353 15740 5339.02060307 613 95982
8775 1500862368 19649 3917.39977536 653 132566
8790 1500862383 16912 4988.96382027 654 112911
8805 1500862398 17777 4393.67773056 632 115384
8820 1500862413 16572 5313.15245405 653 143987
8835 1500862428 18664 3885.28107091 595 99590
8850 1500862443 17192 4921.77041317 638 130792
8865 1500862458 18185 4856.14250203 619 96848
8880 1500862473 17586 4632.10373373 651 104590
8895 1500862488 17046 5092.4741531 602 135560
8910 1500862503 19548 3668.43195385 641 89549
8925 1500862518 19603 3846.10712279 648 83525
8940 1500862533 16569 5489.95336957 629 132519
8955 1500862548 16349 6153.20176819 612 175881
8970 1500862563 20211 3924.14729591 634 101546
8985 1500862578 14808 6025.81712301 648 111007
9000 1500862593 16559 6170.5537839 644 168748
9015 1500862608 18439 4743.52843356 634 124802
9030 1500862623 17214 5930.63445173 583 127383
9045 1500862638 15956 5772.65450205 542 151335
9060 1500862653 15085 7579.15503206 616 193072
9075 1500862668 14684 7432.97188209 642 183340
9090 1500862683 15816 7132.65048912 637 151335
9105 1500862698 17080 5407.06112412 624 116573
9120 1500862713 15592 6173.12441151 586 124216
9135 1500862728 16668 6027.34236625 639 244687
9150 1500862743 20199 4333.33843589 626 152762
9165 1500862758 19128 5104.69137167 641 220505
9180 1500862773 17415 5453.77758989 695 139423
9195 1500862788 16329 5460.98882987 628 160660
9210 1500862803 18926 5039.86537519 664 160407
9225 1500862818 21692 2777.22991486 628 72745
9240 1500862833 21233 2987.8252961 623 96383
9255 1500862848 21297 3160.80258795 636 143720
9270 1500862863 23398 2377.12010635 648 59977
9285 1500862878 20093 3663.9632913 625 84214
9300 1500862893 18291 4442.38607057 675 245264
9315 1500862908 18489 5265.12317045 671 175025
9330 1500862923 25449 1604.64700168 674 57753
9345 1500862938 23654 1230.23615619 814 39053
9360 1500862953 17239 3617.66347246 744 87322
9375 1500862968 15696 5480.99352308 648 151735
9390 1500862983 21599 3466.1100675 694 92928
9405 1500862998 20921 3818.16277809 676 113552
9420 1500863013 19905 4097.80306994 579 135231
9435 1500863028 16878 5903.73390322 646 142082
9450 1500863043 18560 4713.63935829 619 128137
9465 1500863058 16667 5285.05241223 594 146296
9480 1500863073 19006 4361.95873433 591 78925
9495 1500863088 15761 6777.20370064 614 160378
9510 1500863103 20670 3623.63325959 597 102944
9525 1500863118 19124 4372.62541272 643 157967
9540 1500863133 17596 5797.22942448 623 174724
9555 1500863148 22918 3044.64135819 584 104510
9570 1500863163 19785 4195.74844337 634 140427
9585 1500863178 19040 3977.23459202 635 149110
9600 1500863193 17671 5002.40891971 623 130888
9615 1500863208 20125 4385.23784988 672 114397
9630 1500863223 17275 5546.18400344 668 151338
9645 1500863238 15981 5970.56672352 637 129338
9660 1500863253 16405 5818.00446889 662 145475
9675 1500863268 19078 4778.99947688 651 161408
9690 1500863283 20850 3858.34200143 653 109489
9705 1500863298 17075 5728.14813007 611 165590
9720 1500863313 16312 6499.02661943 626 166131
9735 1500863328 19803 4421.10551785 668 166908
9750 1500863343 17136 5063.99111374 666 186903
9765 1500863358 11545 8639.87476761 660 225805
9780 1500863373 11129 8826.81165541 653 203644
9795 1500863388 10613 10999.561764 616 243740
9810 1500863403 11245 9178.40819532 622 230247
9825 1500863418 10485 11073.5022915 664 278603
9840 1500863433 15542 6088.12310979 659 184662
9855 1500863448 13269 8172.24338845 631 205312
9870 1500863463 13675 7329.61861218 653 195793
9885 1500863478 12368 7545.15314623 635 219521
9900 1500863493 11221 10268.8097168 665 276714
9915 1500863508 13319 7292.13226704 596 204519
9930 1500863523 12530 6613.16611012 611 258388
9945 1500863538 13745 6440.64453296 602 98566
9960 1500863553 13998 6086.66953268 667 137609
9975 1500863568 11217 7028.19585669 584 187590
9990 1500863583 13542 5621.53288703 654 103601
10005 1500863598 10922 7940.53984311 632 272866
10020 1500863613 12346 5404.85106178 616 111795
10035 1500863628 12767 5206.2893696 645 183624
10050 1500863643 11498 4994.05026006 628 94941
10065 1500863658 11740 4930.75004436 621 84617
10080 1500863673 10469 8075.42803819 645 188747
10095 1500863688 12844 5508.65001611 645 166348
10110 1500863703 14467 5275.34434895 628 115761
10125 1500863718 12842 5683.26103571 640 166600
10140 1500863733 14970 3938.81378082 628 111520
10155 1500863748 13492 5025.27103747 631 100334
10170 1500863763 16264 4545.20835606 615 116034
10185 1500863778 23718 1992.16766363 588 47744
10200 1500863793 19973 3040.4101697 633 74106
10215 1500863808 22510 2460.73058257 628 60809
10230 1500863823 17162 3270.48268609 626 87445
10245 1500863838 15551 4616.26342403 648 101347
10260 1500863853 18716 3290.77255367 607 79163
10275 1500863868 16811 3878.35300095 629 86030
10290 1500863883 18413 3552.55415159 627 94701
10305 1500863898 23114 2131.38804538 629 51510
10320 1500863913 16304 4926.13459012 662 119535
10335 1500863928 14399 5028.40779969 646 126168
10350 1500863943 17427 4112.60027233 694 81851
10365 1500863958 18995 3088.89332933 751 70188
10380 1500863973 18341 2463.68849492 826 63129
10395 1500863988 13797 5155.56582734 636 159985
10410 1500864003 13761 4668.42393105 621 72916
10425 1500864018 16343 4664.66879853 623 134945
10440 1500864033 17279 4568.00908493 596 156472
10455 1500864048 20679 2542.48638148 592 50607
10470 1500864063 17267 3812.36947318 618 78732
10485 1500864078 16549 4291.39779093 649 83056
10500 1500864093 14288 4466.42821503 618 106903
10515 1500864108 14940 5285.39714686 645 110224
10530 1500864123 16237 4259.23455564 619 107315
10545 1500864138 16908 4110.38222067 657 79612
10560 1500864153 20584 2928.48032262 625 79330
10575 1500864168 17454 3917.85528064 602 71891
10590 1500864183 21483 2968.21562559 584 91758
10605 1500864198 19203 3537.00890584 623 77666
10620 1500864213 20288 3261.01226615 622 70779
10635 1500864228 18726 3648.20956087 647 86166
10650 1500864243 18502 2979.89781704 588 67859
10665 1500864258 18506 3849.04728472 636 113510
10680 1500864273 17884 3995.83495655 658 76914
10695 1500864288 18428 3332.73746341 579 83683
10710 1500864303 18490 3786.58315636 628 112425
10725 1500864318 17033 4823.30146269 630 97213
10740 1500864333 19830 3613.71346401 578 91650
10755 1500864348 17694 3820.20732422 638 83642
10770 1500864363 16049 4164.79939493 613 70331
10785 1500864378 18455 4312.34692482 620 94403
10800 1500864393 19348 4350.0201149 604 78662
10815 1500864408 19466 3446.38143565 663 80033
10830 1500864423 16651 4339.53522857 624 95577
10845 1500864438 19595 3470.71635257 614 70100
10860 1500864453 18412 4201.89528665 634 127122
10875 1500864468 20128 2844.16103623 564 64444
10890 1500864483 19536 3313.7854487 592 81312
10905 1500864498 19415 3131.83284995 624 147271
10920 1500864513 19133 3469.96945232 561 112116
10935 1500864528 19473 4310.21217575 614 146525
10950 1500864543 19736 3169.89605508 619 70577
10965 1500864558 20294 3151.37303409 629 63879
10980 1500864573 22173 2892.32985671 612 117231
10995 1500864588 19625 4126.51402518 611 141019
11010 1500864603 18619 4468.73102793 627 136399
11025 1500864618 17858 4617.1811747 608 100954
11040 1500864633 18082 4508.19620247 630 120465
11055 1500864648 20591 3903.84528382 592 149393
11070 1500864663 17996 4524.67932565 627 111563
11085 1500864678 15535 5890.65369887 678 137929
11100 1500864693 19116 4435.69532317 595 116959
11115 1500864708 21208 3578.08999328 644 123375
11130 1500864723 18060 4862.45802038 684 130789
11145 1500864738 15908 6827.39628262 623 147872
11160 1500864753 19654 4178.52976536 617 128173
11175 1500864768 16841 6343.50258138 636 164765
11190 1500864783 20310 3822.99594559 620 118582
11205 1500864798 17124 5876.63151814 610 175687
11220 1500864813 19164 4630.72607698 654 187293
11235 1500864828 18523 4991.61206425 607 136484
11250 1500864843 19316 5028.24661289 602 147193
11265 1500864858 16220 5839.81626423 674 145275
11280 1500864873 16318 5867.86017216 626 152190
11295 1500864888 14797 7674.3349549 614 231855
11310 1500864903 18190 5252.82685799 646 154051
11325 1500864918 16882 5463.04603678 617 124011
11340 1500864933 17091 6027.01617718 623 151540
11355 1500864948 16736 6682.21662325 598 188314
11370 1500864963 22739 2965.85653733 622 60693
11385 1500864978 21173 2722.16733505 766 69725
11400 1500864993 18548 2629.7037856 866 68509
11415 1500865008 14538 6624.87297991 615 188510
11430 1500865023 21094 3170.45138742 629 100900
11445 1500865038 18459 4259.72792558 618 151303
11460 1500865053 17520 4882.60770491 614 178081
11475 1500865068 18518 4517.20865137 637 121125
11490 1500865083 16406 5874.42916376 637 185762
11505 1500865098 16882 5289.23444366 548 149343
11520 1500865113 15591 6429.20508306 573 181700
11535 1500865128 16615 6436.52685849 670 233807
11550 1500865143 16749 5685.80847374 605 142526
11565 1500865158 17008 5774.97792204 649 219414
11580 1500865173 19019 4947.63397999 590 172232
11595 1500865188 19408 4395.70165048 681 97718
11610 1500865203 18601 4969.00825115 631 138744
11625 1500865218 15636 7272.73215511 573 151433
11640 1500865233 15765 6872.48892324 592 180301
11655 1500865248 15952 6301.0219806 675 215247
11670 1500865263 18037 5457.32562708 693 145773
11685 1500865278 18230 5022.38180548 635 149564
11700 1500865293 18250 5751.98904728 642 166695
11715 1500865308 18852 5159.1906342 605 184105
11730 1500865323 20549 3811.65816935 649 117312
11745 1500865338 21170 3505.1116958 597 85543
11760 1500865353 17881 5487.74953875 660 140890
11775 1500865368 17589 5831.66211298 613 174173
11790 1500865383 16712 5155.30551956 647 151048
11805 1500865398 19098 5125.26613943 625 187132
11820 1500865413 16988 5651.4875033 630 147098
11835 1500865428 14802 6332.06111784 630 186068
11850 1500865443 17256 5901.17479829 607 133308
11865 1500865458 16280 6484.08305005 666 202842
11880 1500865473 18925 5047.38833457 649 138027
11895 1500865488 19308 4708.92408093 624 119147
11910 1500865503 19365 4415.32071315 563 193650
11925 1500865518 11225 8948.43986402 635 224738
11940 1500865533 9887 9125.88527213 618 210607
11955 1500865548 12665 8811.68769306 609 216496
11970 1500865563 14887 7512.89172024 645 203798
11985 1500865578 16359 6003.52030062 656 161772
12000 1500865593 14145 7428.56089697 681 189649
12015 1500865608 12471 9468.91688632 680 247091
12030 1500865623 11842 9447.80582993 685 228585
12045 1500865638 12726 8426.32464364 640 164636
12060 1500865653 13171 6830.93126887 612 180693
12075 1500865668 14755 6334.74545661 679 185516
12090 1500865683 13546 6810.93444397 578 206015
12105 1500865698 14415 4731.31155178 665 140922
12120 1500865713 13580 4396.77768371 599 93277
12135 1500865728 13653 5989.59347535 669 116008
12150 1500865743 13407 4289.58273029 667 67762
12165 1500865758 13064 5814.35602625 634 95693
12180 1500865773 11942 5874.94434016 679 114139
12195 1500865788 12763 4996.49707295 662 92387
12210 1500865803 13653 4876.74061234 666 96802
12225 1500865818 11181 7139.71266929 603 133294
12240 1500865833 12153 5384.68420615 669 152953
12255 1500865848 12526 5079.30172366 699 78525
12270 1500865863 11719 6532.14359916 661 116730
12285 1500865878 10830 6456.70968838 599 125995
12300 1500865893 15046 3943.07595666 665 118478
12315 1500865908 12912 4913.59328801 611 149718
12330 1500865923 17553 2637.25614986 606 58757
12345 1500865938 15509 4277.67097846 630 158271
12360 1500865953 20155 2764.78787613 655 93524
12375 1500865968 22980 1549.37568072 616 40144
12390 1500865983 18300 3417.25957457 642 126606
12405 1500865998 15594 3478.70651248 648 67600
12420 1500866013 15869 3286.35618885 606 79843
12435 1500866028 16296 3711.52690951 614 115867
12450 1500866043 17181 2810.60278232 630 64107
12465 1500866058 17548 3422.21127343 649 167880
12480 1500866073 17591 2449.44401855 592 51033
12495 1500866088 16744 3369.32025786 598 87677
12510 1500866103 20129 2083.65832132 579 46724
12525 1500866118 22639 1940.22292534 630 81251
12540 1500866133 18221 2645.48161967 626 68376
12555 1500866148 18780 2715.9254408 597 76557
12570 1500866163 19498 2720.46576894 614 92975
12585 1500866178 19045 2838.06694777 660 96568
12600 1500866193 19120 2192.27803894 587 41101
12615 1500866208 18242 2510.38204264 616 49184
12630 1500866223 17790 2933.00102284 644 89235
12645 1500866238 16749 3245.51968104 642 75840
12660 1500866253 16498 3158.44629525 694 95250
12675 1500866268 14338 4537.11957083 641 118615
12690 1500866283 16707 3799.49141333 606 130902
12705 1500866298 16169 3575.26600409 620 148114
12720 1500866313 13243 5276.41999845 658 167521
12735 1500866328 18437 2388.99958141 629 60869
12750 1500866343 14871 5431.10541234 649 113808
12765 1500866358 21361 1965.68156119 612 93086
12780 1500866373 19111 2852.68137022 623 92597
12795 1500866388 19497 2325.43823827 620 68936
12810 1500866403 16199 3835.00730117 637 141653
12825 1500866418 17483 3830.21866217 634 98561
12840 1500866433 15752 3258.71401016 597 77945
12855 1500866448 14586 5954.36260233 587 158987
12870 1500866463 16453 5187.64272093 625 201446
12885 1500866478 13061 6950.42890763 627 204552
12900 1500866493 13871 6251.69600988 612 130399
12915 1500866508 13553 7401.76168219 636 246299
12930 1500866523 13420 7679.16069633 545 277428
12945 1500866538 10768 9044.12676824 694 194384
12960 1500866553 14031 8102.94921618 630 261713
12975 1500866568 13259 6397.61260159 642 116593
12990 1500866583 12569 6639.885993 655 131413
13005 1500866598 14588 5676.12279642 577 104224
13020 1500866613 14192 5481.79797147 660 115253
13035 1500866628 13273 6183.56822555 650 143542
13050 1500866643 14260 6278.98590538 554 191494
13065 1500866658 12468 8253.05549478 593 159362
13080 1500866673 14432 6981.72779475 647 197222
13095 1500866688 14600 5567.4645037 653 135328
13110 1500866703 15235 5266.21505448 603 131379
13125 1500866718 14014 6117.01880004 652 102457
13140 1500866733 12447 7111.73438762 652 163782
13155 1500866748 15600 5782.03476295 647 139482
13170 1500866763 15109 6831.13672825 651 212196
13185 1500866778 16523 4693.48410032 648 99805
13200 1500866793 12671 6504.85918372 629 147426
13215 1500866808 14942 5616.20432321 644 143258
13230 1500866823 18129 4813.73108929 622 183941
13245 1500866838 17370 4171.85366474 613 125800
13260 1500866853 14739 4897.85248859 647 129797
13275 1500866868 18444 3371.50278066 623 83711
13290 1500866883 17782 3380.48901788 639 84997
13305 1500866898 16909 4787.88429267 604 197118
13320 1500866913 16971 4298.68619464 610 152359
13335 1500866928 19403 3194.19457767 597 79074
13350 1500866943 15823 5415.08430221 623 145881
13365 1500866958 14273 7712.47619121 617 230608
13380 1500866973 14992 5899.77016501 583 193706
13395 1500866988 18931 3759.65024969 585 101320
13410 1500867003 16810 4684.23334175 590 111293
13425 1500867018 17027 4068.03797917 627 63060
13440 1500867033 19689 3264.54499127 655 120120
13455 1500867048 15766 5460.35603235 651 220754
13470 1500867063 14986 5779.07769458 620 153795
13485 1500867078 18731 3639.63226164 654 102316
13500 1500867093 17941 3704.43207523 612 107689
13515 1500867108 17213 4274.63483821 593 96500
13530 1500867123 19838 3012.48883815 593 84355
13545 1500867138 21403 2656.12029095 681 95493
13560 1500867153 15548 4581.43732905 608 117975
13575 1500867168 17361 4858.8623154 598 165236
13590 1500867183 19570 3341.42170341 696 141669
13605 1500867198 19972 3363.48807044 662 129323
13620 1500867213 17398 4341.29427706 614 73901
13635 1500867228 18155 3383.01271059 587 68407
13650 1500867243 17459 3566.99313148 629 95801
13665 1500867258 19715 3671.51603565 632 165837
13680 1500867273 17769 4630.25614842 635 127198
13695 1500867288 18111 4163.91330361 613 120892
13710 1500867303 17093 3293.27208108 631 92745
13725 1500867318 20949 2550.89984123 637 78103
13740 1500867333 17403 4843.61775949 566 114347
13755 1500867348 17845 3438.12245273 642 101558
13770 1500867363 17326 4896.36967559 663 119279
13785 1500867378 16138 5327.33244692 607 131244
13800 1500867393 18127 4934.83566089 655 193788
13815 1500867408 18718 4181.01710114 606 160637
13830 1500867423 18237 3191.47395415 688 70950
13845 1500867438 17635 5210.28281382 621 197810
13860 1500867453 19500 3786.20060219 501 92624
13875 1500867468 18774 3688.13204753 606 126104
13890 1500867483 20444 3746.82358805 649 91125
13905 1500867498 19158 3960.54049342 581 115269
13920 1500867513 18379 5111.95950688 614 169966
13935 1500867528 18619 4329.07126298 624 111920
13950 1500867543 17833 4911.14233147 616 152834
13965 1500867558 19178 5170.1235962 637 190030
13980 1500867573 21016 3287.95681237 658 126192
13995 1500867588 19254 4224.20738127 633 187264
14010 1500867603 14223 7186.82565532 609 153968
14025 1500867618 11381 8341.19907447 642 211116
14040 1500867633 9072 10289.5728288 695 239649
14055 1500867648 9078 11024.0217253 649 307393
14070 1500867663 10617 9169.87159125 653 259689
14085 1500867678 11955 6819.65842253 654 203967
14100 1500867693 12785 6756.98216662 670 166062
14115 1500867708 11537 8444.883895 676 218979
14130 1500867723 11208 8501.295019 649 254588
14145 1500867738 10469 8710.89375437 722 188264
14160 1500867753 11941 6267.96402351 651 94423
14175 1500867768 10392 6944.75471129 698 172097
14190 1500867783 14387 5397.64707998 643 122189
14205 1500867798 11140 4398.95157964 689 89950
14220 1500867813 10457 6940.66877181 589 235418
14235 1500867828 11149 6036.8278922 633 109893
14250 1500867843 11568 6200.12435359 679 104949
14265 1500867858 10771 7071.59656655 659 170452
14280 1500867873 12582 5322.19512983 643 102203
14295 1500867888 13705 4495.70383811 621 109425
14310 1500867903 12777 5126.97123066 672 145096
14325 1500867918 11089 5474.97890407 641 135617
14340 1500867933 13424 3982.80403736 618 173141
14355 1500867948 12450 4918.64198738 619 100081
14370 1500867963 16474 2835.88116817 636 65092
14385 1500867978 17249 3191.0238169 581 129283
